0(0), 1(0), 2(0), 3(0), 

fp(a0),pc    , caller        ,
4(5) , 5(6)  , 6(-2062262528), 7(0), 8(0), 9(5), 
10(4), 11(25), 12(1391457480), 13(4), 14(0), 15(4), 
16(3), 17(25), 18(1391457480), 19(10), 20(0), 21(3), 
22(2), 23(25), 24(1391457480), 25(16), 26(0), 27(2), 
28(1), 29(25), 30(1391457480), 31(22), 32(0), 33(1), 
34(0), 35(25), 36(1391457480), 37(28), 38(0), 39(1), 

40(0), 41(0), 42(0), 43(0), 44(0), 45(0), 46(0), 47(0), 48(0), 49(0), 50(0), 51(0), 52(0), 53(0), 54(0), 55(0), 56(0), 57(0), 58(0), 59(0), 60(0), 61(0), 62(0), 63(0), 64(0), 65(0), 66(0), 67(0), 68(0), 69(0), 70(0), 71(0), 72(0), 73(0), 74(0), 75(0), 76(0), 77(0), 78(0), 79(0), 80(0), 81(0), 82(0), 83(0), 84(0), 85(0), 86(0), 87(0), 88(0), 89(0), 90(0), 91(0), 92(0), 93(0), 94(0), 95(0), 96(0), 97(0), 98(0), 99(0), 100(0)
sp = 39 current result = 1

0(0), 1(0), 2(0), 3(0), 4(5), 5(6), 6(-2062262528), 7(0), 8(0), 9(5), 10(4), 11(25), 12(1391457480), 13(4), 14(0), 15(4), 16(3), 17(25), 18(1391457480), 19(10), 20(0), 21(3), 22(2), 23(25), 24(1391457480), 25(16), 26(0), 27(2), 28(1), 29(25), 30(1391457480), 31(22), 32(0), 33(1), 34(0), 35(25), 36(1391457480), 37(28), 38(0), 39(1), 40(0), 41(0), 42(0), 43(0), 44(0), 45(0), 46(0), 47(0), 48(0), 49(0), 50(0), 51(0), 52(0), 53(0), 54(0), 55(0), 56(0), 57(0), 58(0), 59(0), 60(0), 61(0), 62(0), 63(0), 64(0), 65(0), 66(0), 67(0), 68(0), 69(0), 70(0), 71(0), 72(0), 73(0), 74(0), 75(0), 76(0), 77(0), 78(0), 79(0), 80(0), 81(0), 82(0), 83(0), 84(0), 85(0), 86(0), 87(0), 88(0), 89(0), 90(0), 91(0), 92(0), 93(0), 94(0), 95(0), 96(0), 97(0), 98(0), 99(0), 100(0)
sp = 32 current result = 0
0(0), 1(0), 2(0), 3(0), 4(5), 5(6), 6(-2062262528), 7(0), 8(0), 9(5), 10(4), 11(25), 12(1391457480), 13(4), 14(0), 15(4), 16(3), 17(25), 18(1391457480), 19(10), 20(0), 21(3), 22(2), 23(25), 24(1391457480), 25(16), 26(0), 27(0), 28(1), 29(25), 30(1391457480), 31(22), 32(0), 33(1), 34(0), 35(25), 36(1391457480), 37(28), 38(0), 39(1), 40(0), 41(0), 42(0), 43(0), 44(0), 45(0), 46(0), 47(0), 48(0), 49(0), 50(0), 51(0), 52(0), 53(0), 54(0), 55(0), 56(0), 57(0), 58(0), 59(0), 60(0), 61(0), 62(0), 63(0), 64(0), 65(0), 66(0), 67(0), 68(0), 69(0), 70(0), 71(0), 72(0), 73(0), 74(0), 75(0), 76(0), 77(0), 78(0), 79(0), 80(0), 81(0), 82(0), 83(0), 84(0), 85(0), 86(0), 87(0), 88(0), 89(0), 90(0), 91(0), 92(0), 93(0), 94(0), 95(0), 96(0), 97(0), 98(0), 99(0), 100(0)
sp = 26 current result = 0
0(0), 1(0), 2(0), 3(0), 4(5), 5(6), 6(-2062262528), 7(0), 8(0), 9(5), 10(4), 11(25), 12(1391457480), 13(4), 14(0), 15(4), 16(3), 17(25), 18(1391457480), 19(10), 20(0), 21(0), 22(2), 23(25), 24(1391457480), 25(16), 26(0), 27(0), 28(1), 29(25), 30(1391457480), 31(22), 32(0), 33(1), 34(0), 35(25), 36(1391457480), 37(28), 38(0), 39(1), 40(0), 41(0), 42(0), 43(0), 44(0), 45(0), 46(0), 47(0), 48(0), 49(0), 50(0), 51(0), 52(0), 53(0), 54(0), 55(0), 56(0), 57(0), 58(0), 59(0), 60(0), 61(0), 62(0), 63(0), 64(0), 65(0), 66(0), 67(0), 68(0), 69(0), 70(0), 71(0), 72(0), 73(0), 74(0), 75(0), 76(0), 77(0), 78(0), 79(0), 80(0), 81(0), 82(0), 83(0), 84(0), 85(0), 86(0), 87(0), 88(0), 89(0), 90(0), 91(0), 92(0), 93(0), 94(0), 95(0), 96(0), 97(0), 98(0), 99(0), 100(0)
sp = 20 current result = 0
0(0), 1(0), 2(0), 3(0), 4(5), 5(6), 6(-2062262528), 7(0), 8(0), 9(5), 10(4), 11(25), 12(1391457480), 13(4), 14(0), 15(0), 16(3), 17(25), 18(1391457480), 19(10), 20(0), 21(0), 22(2), 23(25), 24(1391457480), 25(16), 26(0), 27(0), 28(1), 29(25), 30(1391457480), 31(22), 32(0), 33(1), 34(0), 35(25), 36(1391457480), 37(28), 38(0), 39(1), 40(0), 41(0), 42(0), 43(0), 44(0), 45(0), 46(0), 47(0), 48(0), 49(0), 50(0), 51(0), 52(0), 53(0), 54(0), 55(0), 56(0), 57(0), 58(0), 59(0), 60(0), 61(0), 62(0), 63(0), 64(0), 65(0), 66(0), 67(0), 68(0), 69(0), 70(0), 71(0), 72(0), 73(0), 74(0), 75(0), 76(0), 77(0), 78(0), 79(0), 80(0), 81(0), 82(0), 83(0), 84(0), 85(0), 86(0), 87(0), 88(0), 89(0), 90(0), 91(0), 92(0), 93(0), 94(0), 95(0), 96(0), 97(0), 98(0), 99(0), 100(0)
sp = 14 current result = 0
0(0), 1(0), 2(0), 3(0), 4(5), 5(6), 6(-2062262528), 7(0), 8(0), 9(0), 10(4), 11(25), 12(1391457480), 13(4), 14(0), 15(0), 16(3), 17(25), 18(1391457480), 19(10), 20(0), 21(0), 22(2), 23(25), 24(1391457480), 25(16), 26(0), 27(0), 28(1), 29(25), 30(1391457480), 31(22), 32(0), 33(1), 34(0), 35(25), 36(1391457480), 37(28), 38(0), 39(1), 40(0), 41(0), 42(0), 43(0), 44(0), 45(0), 46(0), 47(0), 48(0), 49(0), 50(0), 51(0), 52(0), 53(0), 54(0), 55(0), 56(0), 57(0), 58(0), 59(0), 60(0), 61(0), 62(0), 63(0), 64(0), 65(0), 66(0), 67(0), 68(0), 69(0), 70(0), 71(0), 72(0), 73(0), 74(0), 75(0), 76(0), 77(0), 78(0), 79(0), 80(0), 81(0), 82(0), 83(0), 84(0), 85(0), 86(0), 87(0), 88(0), 89(0), 90(0), 91(0), 92(0), 93(0), 94(0), 95(0), 96(0), 97(0), 98(0), 99(0), 100(0)
sp = 8 current result = 0
0(0), 1(0), 2(0), 3(0), 4(5), 5(0), 6(-2062262528), 7(0), 8(0), 9(0), 10(4), 11(25), 12(1391457480), 13(4), 14(0), 15(0), 16(3), 17(25), 18(1391457480), 19(10), 20(0), 21(0), 22(2), 23(25), 24(1391457480), 25(16), 26(0), 27(0), 28(1), 29(25), 30(1391457480), 31(22), 32(0), 33(1), 34(0), 35(25), 36(1391457480), 37(28), 38(0), 39(1), 40(0), 41(0), 42(0), 43(0), 44(0), 45(0), 46(0), 47(0), 48(0), 49(0), 50(0), 51(0), 52(0), 53(0), 54(0), 55(0), 56(0), 57(0), 58(0), 59(0), 60(0), 61(0), 62(0), 63(0), 64(0), 65(0), 66(0), 67(0), 68(0), 69(0), 70(0), 71(0), 72(0), 73(0), 74(0), 75(0), 76(0), 77(0), 78(0), 79(0), 80(0), 81(0), 82(0), 83(0), 84(0), 85(0), 86(0), 87(0), 88(0), 89(0), 90(0), 91(0), 92(0), 93(0), 94(0), 95(0), 96(0), 97(0), 98(0), 99(0), 100(0)
sp = 5 current result = 0
result = 0

(fun Main ()
    (var result
        (Call Int
             (Variable Function[Int, Int] Factorial)
             (Constant Int 5)))
    (Return Int
           (Variable Int result)))
(fun Factorial (n Int)
    (IfThenElse Unit
               (Equal Boolean
                     (Variable Int n)
                     (Constant Int 0))
               (Block Unit
                     (Return Int
                            (Constant Int 1)))
               (Block Unit
                     (Return Int
                            (Multiply Int
                                     (Variable Int n)
                                     (Call Int
                                          (Variable Function[Int, Int] Factorial)
                                          (Subtract Int
                                                   (Variable Int n)
                                                   (Constant Int 1))))))))